0 3021649 0
0 3021649 0
0 3111593 0
0 3180044 0
0 3256943 0
0 3556639 0
0 3614471 0
0 4019606 0
0 5109287 0
0 5584893 0
0 20583889 0
0 22939478 0
0 22939478 0
0 22939478 0
0 24236234 0
0 24236234 0
0 31053879 0
31053881 36411395 0
31053881 47156091 0
31053881 48835050 0
31053881 50881439 0
31053881 50881439 0
31053881 50881439 0
50881441 82763196 0
50881441 82763196 0
50881441 82763196 0
50881441 99917251 0
50881441 99917251 0
50881441 99917251 0
50881441 100343323 0
50881441 100343323 0
100343325 122125577 0
100343325 122125577 0
100343325 122125577 0
100343325 122125577 0
100343325 122125577 0
100343325 124303606 0
124303608 171161904 0
124303608 171161904 0
124303608 171161904 0
124303608 171161904 0
124303608 171161904 0
124303608 171161904 0
124303608 171161904 0
124303608 171161904 0
124303608 171161904 0
124303608 171186253 0
124303608 175877664 0
175877666 185357324 0
175877666 185357324 0
175877666 185357324 0
175877666 189508231 0
175877666 191846357 0
175877666 191846357 0
191846359 198587644 0
191846359 249324442 0
191846359 249324442 0
191846359 249324442 0
191846359 249324442 0
191846359 249324442 0
191846359 249324442 0
191846359 249324442 0
191846359 249324442 0
191846359 249324442 0
191846359 249324442 0
191846359 249324442 0
191846359 249324442 0
191846359 249324442 0
249324444 259065356 0
249324444 259065356 0
249324444 259065356 0
249324444 259065356 0
249324444 259065356 0
249324444 259065356 0
249324444 259065356 0
249324444 259065356 0
249324444 259065356 0
249324444 260284546 0
260284548 271403358 0
260284548 305729049 0
260284548 305729049 0
260284548 305729049 0
260284548 305729049 0
260284548 305729049 0
260284548 305810398 0
260284548 306370999 0
306371001 356731744 0
306371001 356731744 0
306371001 356731744 0
306371001 356731744 0
306371001 362276040 0
362276042 362676210 0
362276042 362676210 0
362276042 362913246 0
362276042 363332785 0
362276042 399974272 0
362276042 399974272 0
362276042 399974272 0
362276042 399974272 0
399974274 423562472 0
399974274 423562472 0
399974274 423562472 0
399974274 423562472 0
399974274 423562472 0
399974274 430626869 0
430626871 453108093 0
430626871 453108093 0
430626871 453108093 0
430626871 453108093 0
430626871 456181406 0
456181408 463675190 0
456181408 464031864 0
456181408 464031864 0
456181408 464031864 0
456181408 490688234 0
456181408 490688234 0
456181408 490688234 0
456181408 490688234 0
456181408 500728800 0
456181408 500728800 0
456181408 500728800 0
456181408 500728800 0
456181408 500728800 0
500728802 502979928 0
500728802 541342030 0
500728802 541342030 0
500728802 541342030 0
500728802 541342030 0
500728802 541342030 0
500728802 541342030 0
500728802 541342030 0
541342032 546429219 0
541342032 552097193 0
541342032 552909166 0
541342032 554247422 0
541342032 557063544 0
541342032 557063544 0
541342032 557063544 0
557063546 567450813 0
557063546 573792261 0
557063546 579617582 0
557063546 585792807 0
557063546 602788586 0
557063546 602788586 0
557063546 602788586 0
557063546 602788586 0
557063546 602978858 0
557063546 602978858 0
602978860 611682641 0
602978860 611682641 0
602978860 611682641 0
602978860 611682641 0
602978860 636576980 0
602978860 636576980 0
602978860 636576980 0
602978860 636576980 0
602978860 636576980 0
602978860 638907977 0
638907979 651338734 0
638907979 679821627 0
638907979 679821627 0
638907979 679821627 0
638907979 684359142 0
638907979 684359142 0
638907979 684359142 0
684359144 690072644 0
684359144 697989805 0
684359144 725395887 0
684359144 725395887 0
684359144 725395887 0
684359144 725395887 0
684359144 725395887 0
684359144 725395887 0
725395889 749479392 0
725395889 749479392 0
725395889 749479392 0
725395889 749479392 0
725395889 749479392 0
725395889 750957481 0
750957483 775003729 0
750957483 775003729 0
750957483 775003729 0
750957483 775003729 0
750957483 775003729 0
750957483 775003729 0
750957483 775003729 0
750957483 775003729 0
750957483 775425950 0
750957483 775813901 0
775813903 782941501 0
775813903 782941501 0
775813903 784569858 0
775813903 826857019 0
775813903 826857019 0
775813903 830872706 0
775813903 830872706 0
775813903 830872706 0
775813903 830872706 0
775813903 830872706 0
775813903 830872706 0
775813903 830872706 0
775813903 830872706 0
775813903 830872706 0
830872708 834595234 0
830872708 838668629 0
830872708 838668629 0
830872708 842106273 0
830872708 842106273 0
830872708 842353886 0
830872708 842353886 0
830872708 842353886 0
830872708 842353886 0
830872708 842353886 0
830872708 842353886 0
830872708 842353886 0
830872708 849660337 0
849660339 860613211 0
849660339 865841853 0
849660339 865841853 0
849660339 865841853 0
849660339 865841853 0
849660339 865841853 0
849660339 892862024 0
849660339 892862024 0
892862026 900263616 0
892862026 943004744 0
892862026 943004744 0
892862026 943004744 0
892862026 943004744 0
892862026 943004744 0
892862026 943004744 0
943004746 952141611 0
943004746 952141611 0
943004746 952141611 0
943004746 952327285 0
943004746 952537088 0
943004746 952537088 0
943004746 961131855 0
943004746 961131855 0
943004746 961131855 0
943004746 961131855 0
961131857 995864333 0
961131857 995864333 0
961131857 1005028750 0
961131857 1005028750 0
961131857 1005028750 0
961131857 1005028750 0
961131857 1005028750 0
961131857 1005028750 0
961131857 1005028750 0
961131857 1005028750 0
961131857 1005028750 0
961131857 1005028750 0
961131857 1005028750 0
961131857 1008973852 0
1008973854 1015912839 0
1008973854 1030836304 0
1008973854 1030836304 0
1008973854 1030836304 0
1008973854 1030836304 0
1008973854 1030836304 0
1008973854 1032494592 0
1032494594 1042075604 0
1032494594 1044508076 0
1032494594 1048802154 0
1032494594 1048802154 0
1032494594 1048802154 0
1032494594 1089312984 0
1032494594 1089312984 0
1089312986 1101840140 0
1089312986 1101840140 0
1089312986 1101840140 0
1089312986 1101840140 0
1089312986 1101840140 0
1089312986 1102041819 0
1089312986 1102041819 0
1089312986 1109953680 0
1109953682 1114195377 0
1109953682 1131928222 0
1109953682 1147840884 0
1109953682 1147840884 0
1109953682 1147840884 0
1109953682 1147840884 0
1109953682 1148518669 0
1148518671 1158649494 0
1148518671 1176112357 0
1148518671 1176112357 0
1148518671 1176112357 0
1148518671 1176112357 0
1148518671 1177759663 0
1177759665 1219332116 0
1177759665 1219332116 0
1177759665 1219332116 0
1177759665 1219332116 0
1177759665 1219332116 0
1177759665 1221436570 0
1177759665 1223070151 0
1223070153 1264539977 0
1223070153 1264539977 0
1223070153 1264539977 0
1223070153 1264539977 0
1223070153 1264539977 0
1223070153 1273412553 0
1223070153 1273412553 0
1223070153 1273412553 0
1223070153 1280627800 0
1280627802 1282187341 0
1280627802 1283027536 0
1280627802 1288995029 0
1280627802 1289735147 0
1280627802 1289735147 0
1280627802 1289735147 0
1289735149 1320942247 0
1289735149 1327421558 0
1289735149 1327421558 0
1289735149 1327421558 0
1289735149 1327421558 0
1289735149 1327421558 0
1289735149 1327421558 0
1289735149 1332569991 0
1289735149 1332569991 0
1289735149 1355573458 0
1289735149 1355573458 0
1289735149 1355573458 0
1289735149 1355677780 0
1289735149 1355677780 0
1355677782 1357107425 0
1355677782 1362288056 0
1355677782 1362288056 0
1355677782 1362288056 0
1355677782 1366674586 0
1355677782 1366674586 0
1366674588 1391544336 0
1366674588 1391544336 0
1366674588 1393778055 0
1366674588 1393778055 0
1366674588 1393778055 0
1366674588 1397769783 0
1397769785 1398762710 0
1397769785 1399927095 0
1397769785 1399927095 0
1397769785 1421446962 0
1397769785 1421446962 0
1397769785 1423128613 0
1397769785 1423128613 0
1397769785 1443906338 0
1397769785 1443906338 0
1397769785 1443906338 0
1397769785 1443906338 0
1397769785 1443906338 0
1397769785 1443906338 0
1443906340 1473362681 0
1443906340 1473362681 0
1443906340 1473362681 0
1443906340 1474901685 0
1443906340 1474901685 0
1443906340 1482720843 0
1482720845 1491600385 0
1482720845 1511483438 0
1482720845 1514099208 0
1482720845 1521258835 0
1482720845 1521258835 0
1521258837 1538635254 0
1521258837 1538635254 0
1521258837 1553729207 0
1521258837 1553811000 0
1521258837 1553811000 0
1521258837 1558856769 0
1521258837 1565110548 0
1565110550 1598512204 0
1565110550 1598512204 0
1565110550 1598512204 0
1565110550 1598512204 0
1565110550 1598512204 0
1565110550 1598512204 0
1565110550 1598512204 0
1565110550 1604942681 0
1604942683 1619936021 0
1604942683 1619936021 0
1604942683 1619936021 0
1604942683 1619936021 0
1604942683 1619936021 0
1604942683 1620638997 0
1604942683 1623460191 0
1623460193 1638054811 0
1623460193 1641152228 0
1623460193 1641352662 0
1623460193 1649137061 0
1623460193 1667111341 0
1623460193 1667111341 0
1623460193 1667111341 0
1623460193 1667111341 0
1667111343 1669791317 0
1667111343 1689521646 0
1667111343 1691381949 0
1667111343 1694860962 0
1667111343 1694860962 0
1667111343 1694860962 0
1667111343 1694860962 0
1667111343 1696389379 0
1696389381 1748641566 0
1696389381 1748641566 0
1696389381 1748641566 0
1696389381 1748641566 0
1696389381 1748641566 0
1696389381 1748641566 0
1696389381 1748641566 0
1696389381 1748641566 0
1696389381 1748641566 0
1696389381 1748641566 0
1696389381 1748641566 0
1696389381 1748641566 0
1696389381 1748641566 0
1696389381 1748641566 0
1696389381 1751344173 0
1696389381 1751440819 0
1696389381 1752420348 0
1752420350 1764680563 0
1752420350 1764680563 0
1752420350 1777087215 0
1752420350 1778846703 0
1752420350 1778846703 0
1778846705 1790086524 0
1778846705 1804748835 0
1778846705 1806545011 0
1778846705 1806545011 0
1778846705 1818366498 0
1778846705 1818366498 0
1778846705 1825290046 0
1778846705 1832528171 0
1832528173 1833853020 0
1832528173 1858547431 0
1832528173 1858547431 0
1832528173 1858547431 0
1832528173 1858547431 0
1832528173 1858547431 0
1832528173 1858547431 0
1832528173 1858547431 0
1832528173 1860279111 0
1832528173 1860279111 0
1832528173 1860279111 0
1832528173 1860279111 0
1832528173 1864762228 0
1864762230 1865525184 0
1864762230 1865525184 0
1864762230 1865664159 0
1864762230 1870272543 0
1864762230 1906507807 0
1864762230 1906507807 0
1864762230 1906507807 0
1864762230 1906507807 0
1864762230 1906507807 0
1906507809 1919840325 0
1906507809 1926977363 0
1906507809 1926977363 0
1906507809 1926977363 0
1906507809 1926977363 0
1906507809 1926977363 0
1906507809 1931792580 0
1906507809 1931792580 0
1931792582 1935186677 0
1931792582 1935239219 0
1931792582 1964052809 0
1931792582 1964052809 0
1931792582 1964052809 0
1931792582 1964052809 0
1964052811 1976412955 0
1964052811 1979046124 0
1964052811 1979046124 0
1964052811 1982080495 0
1964052811 1989195256 0
1964052811 1989195256 0
1964052811 1995466542 0
1964052811 1995466542 0
1995466544 2025204494 0
1995466544 2025204494 0
1995466544 2025204494 0
1995466544 2025204494 0
1995466544 2025204494 0
1995466544 2028453665 0
1995466544 2029296658 0
2029296660 2060654925 0
2029296660 2062178184 0
2029296660 2062178184 0
2029296660 2062178184 0
2029296660 2062178184 0
2029296660 2062178184 0
2029296660 2062178184 0
2029296660 2062597974 0
2029296660 2065382934 0
2065382936 2066893485 0
2065382936 2068050329 0
2065382936 2103854128 0
2065382936 2103854128 0
2065382936 2103854128 0
2065382936 2103854128 0
2065382936 2103854128 0
2103854130 2136933959 0
2103854130 2136933959 0
2103854130 2136933959 0
2103854130 2136933959 0
2103854130 2136933959 0
2103854130 2141630673 0
2103854130 2146567860 0
2103854130 2146567860 0
2146567862 2152339711 0
2146567862 2171495074 0
2146567862 2173615229 0
2146567862 2173615229 0
2146567862 2173615229 0
2146567862 2173615229 0
2146567862 2175630061 0
2146567862 2182745017 0
2146567862 2182745017 0
2182745019 2185607312 0
2182745019 2229856421 0
2182745019 2229856421 0
2182745019 2229856421 0
2182745019 2229856421 0
2182745019 2229856421 0
2182745019 2229856421 0
2182745019 2229856421 0
2182745019 2229856421 0
2182745019 2229856421 0
2229856423 2234646108 0
2229856423 2234646108 0
2229856423 2234646108 0
2229856423 2234646108 0
2229856423 2266729225 0
2229856423 2266729225 0
2229856423 2266729225 0
2229856423 2266729225 0
2266729227 2280080556 0
2266729227 2292973307 0
2266729227 2292973307 0
2266729227 2294404834 0
2266729227 2294404834 0
2294404836 2313311754 0
2294404836 2336599718 0
2294404836 2339606996 0
2294404836 2339606996 0
2294404836 2339606996 0
2294404836 2339606996 0
2294404836 2339606996 0
2294404836 2339606996 0
2294404836 2339606996 0
2294404836 2339606996 0
2294404836 2339606996 0
2294404836 2339606996 0
2294404836 2346496814 0
2346496816 2347982976 0
2346496816 2366662085 0
2346496816 2366662085 0
2346496816 2366662085 0
2346496816 2366662085 0
2346496816 2366662085 0
2346496816 2370047564 0
2346496816 2370047564 0
2370047566 2373514273 0
2370047566 2374166948 0
2370047566 2415318753 0
2370047566 2415318753 0
2370047566 2420847226 0
2370047566 2420847226 0
2370047566 2420847226 0
2370047566 2420847226 0
2370047566 2420847226 0
2420847228 2420916051 0
2420847228 2424566745 0
2420847228 2430693012 0
2420847228 2430693012 0
2420847228 2430693012 0
2420847228 2430693012 0
2420847228 2430693012 0
2420847228 2430693012 0
2420847228 2430693012 0
2420847228 2430693012 0
2430693014 2452320783 0
2430693014 2452320783 0
2430693014 2452320783 0
2430693014 2452320783 0
2430693014 2452320783 0
2430693014 2452320783 0
2430693014 2452320783 0
2430693014 2452320783 0
2430693014 2452320783 0
2430693014 2454994921 0
2430693014 2459990446 0
2430693014 2463651682 0
2430693014 2463651682 0
2463651684 2490928811 0
2463651684 2491726485 0
2463651684 2491726485 0
2463651684 2506962662 0
2463651684 2506962662 0
2463651684 2517604025 0
2517604027 2532315540 0
2517604027 2532315540 0
2517604027 2564360722 0
2517604027 2564360722 0
2517604027 2564360722 0
2517604027 2564360722 0
2517604027 2564360722 0
2517604027 2564781736 0
2564781738 2570503459 0
2564781738 2570503459 0
2564781738 2570503459 0
2564781738 2570503459 0
2564781738 2571273144 0
2564781738 2571512127 0
2564781738 2572567939 0
2564781738 2572567939 0
2564781738 2572567939 0
2564781738 2572567939 0
2572567941 2573814074 0
2572567941 2627343871 0
2572567941 2627343871 0
2572567941 2627343871 0
2572567941 2627343871 0
2572567941 2627343871 0
2572567941 2627343871 0
2572567941 2627343871 0
2572567941 2627343871 0
2627343873 2650750532 0
2627343873 2650750532 0
2627343873 2650750532 0
2627343873 2651236024 0
2627343873 2652262587 0
2627343873 2658294989 0
2658294991 2705851874 0
2658294991 2705851874 0
2658294991 2705851874 0
2658294991 2705851874 0
2658294991 2709671522 0
2658294991 2709671522 0
2658294991 2709671522 0
2658294991 2709671522 0
2658294991 2712491761 0
2712491763 2723761235 0
2712491763 2724196148 0
2712491763 2732550815 0
2712491763 2742421261 0
2712491763 2742421261 0
2712491763 2742421261 0
2712491763 2742421261 0
2712491763 2742421261 0
2712491763 2742421261 0
2712491763 2742421261 0
2742421263 2776592447 0
2742421263 2776866361 0
2742421263 2776866361 0
2742421263 2782581391 0
2742421263 2782581391 0
2742421263 2783873057 0
2742421263 2783873057 0
2742421263 2786901141 0
2786901143 2790325697 0
2786901143 2817756908 0
2786901143 2817756908 0
2786901143 2817756908 0
2786901143 2817756908 0
2786901143 2817756908 0
2786901143 2819283989 0
2786901143 2821381182 0
2821381184 2837715581 0
2821381184 2837715581 0
2821381184 2837715581 0
2821381184 2837715581 0
2821381184 2837715581 0
2821381184 2837715581 0
2821381184 2837939443 0
2821381184 2838004534 0
2821381184 2838092963 0
2838092965 2853295826 0
2838092965 2854276703 0
2838092965 2854276703 0
2838092965 2855830818 0
2838092965 2859990778 0
2838092965 2859990778 0
2838092965 2859990778 0
2838092965 2865550532 0
2865550534 2890593328 0
2865550534 2890593328 0
2865550534 2890593328 0
2865550534 2890593328 0
2865550534 2904242568 0
2865550534 2904242568 0
2865550534 2904242568 0
2865550534 2907911642 0
2907911644 2910586722 0
2907911644 2931754108 0
2907911644 2931754108 0
2907911644 2931754108 0
2907911644 2931754108 0
2907911644 2932561292 0
2907911644 2932561292 0
2907911644 2943149643 0
2907911644 2943149643 0
2907911644 2943149643 0
2907911644 2943149643 0
2907911644 2946377103 0
2907911644 2949401563 0
2949401565 2976409803 0
2949401565 2976409803 0
2949401565 2976409803 0
2949401565 2986516950 0
2949401565 2986516950 0
2949401565 2986516950 0
2949401565 2986516950 0
2949401565 2986516950 0
2949401565 2986516950 0
2949401565 2988550970 0
2949401565 2988550970 0
2988550972 3002922233 0
2988550972 3016224261 0
2988550972 3034067371 0
2988550972 3034067371 0
2988550972 3034067371 0
2988550972 3034067371 0
2988550972 3034067371 0
2988550972 3034067371 0
3034067373 3060173434 0
3034067373 3063082755 0
3034067373 3063082755 0
3034067373 3063082755 0
3034067373 3065634268 0
3034067373 3066648567 0
3066648569 3072839529 0
3066648569 3074945017 0
3066648569 3078315569 0
3066648569 3080851776 0
3066648569 3083853151 0
3066648569 3107315352 0
3066648569 3107315352 0
3066648569 3107315352 0
3107315354 3107902887 0
3107315354 3148345903 0
3107315354 3148345903 0
3107315354 3148345903 0
3107315354 3148345903 0
3107315354 3148345903 0
3107315354 3148345903 0
3107315354 3148345903 0
3107315354 3148345903 0
3148345905 3165692092 0
3148345905 3165692092 0
3148345905 3165692092 0
3148345905 3169895876 0
3148345905 3169895876 0
3148345905 3169895876 0
3148345905 3169895876 0
3148345905 3170592073 0
3148345905 3173219013 0
3173219015 3207487851 0
3173219015 3212824411 0
3173219015 3212824411 0
3173219015 3212824411 0
3173219015 3212824411 0
3173219015 3217284316 0
3173219015 3217284316 0
3173219015 3217284316 0
3173219015 3220097963 0
3220097965 3253590560 0
3220097965 3253590560 0
3220097965 3255614827 0
3220097965 3255614827 0
3220097965 3255614827 0
3220097965 3260318492 0
3220097965 3260318492 0
3220097965 3260318492 0
3220097965 3262588157 0
3262588159 3269982376 0
3262588159 3275779086 0
3262588159 3275779086 0
3262588159 3275779086 0
3262588159 3280700773 0
3262588159 3291457029 0
3262588159 3291457029 0
3262588159 3291457029 0
3262588159 3291457029 0
3262588159 3292794583 0
3262588159 3294593090 0
3294593092 3301828098 0
3294593092 3301828098 0
3294593092 3301828098 0
3294593092 3306042698 0
3294593092 3306042698 0
3294593092 3306042698 0
3294593092 3306042698 0
3294593092 3306042698 0
3294593092 3306223909 0
3294593092 3307457131 0
3307457133 3360184133 0
3307457133 3360184133 0
3307457133 3360184133 0
3307457133 3360184133 0
3307457133 3360184133 0
3307457133 3360184133 0
3307457133 3361837705 0
3307457133 3362649522 0
3307457133 3362865310 0
3362865312 3399674855 0
3362865312 3403187084 0
3362865312 3403187084 0
3362865312 3403187084 0
3362865312 3403187084 0
3362865312 3403187084 0
3362865312 3403187084 0
3362865312 3403187084 0
3362865312 3403187084 0
3362865312 3406562225 0
3362865312 3406562225 0
3362865312 3409221687 0
3362865312 3410915710 0
3410915712 3429899072 0
3410915712 3434089766 0
3410915712 3434089766 0
3410915712 3434089766 0
3410915712 3434089766 0
3410915712 3434089766 0
3410915712 3443104533 0
3410915712 3443104533 0
3443104535 3459421692 0
3443104535 3459421692 0
3443104535 3468331688 0
3443104535 3470010193 0
3443104535 3480841023 0
3443104535 3485106833 0
3443104535 3485106833 0
3485106835 3485722365 0
3485106835 3487101327 0
3485106835 3487101327 0
3485106835 3495337804 0
3485106835 3501129288 0
3485106835 3501129288 0
3485106835 3501129288 0
3485106835 3501129288 0
3485106835 3501129288 0
3501129290 3535003794 0
3501129290 3537546786 0
3501129290 3537546786 0
3501129290 3537546786 0
3501129290 3540392660 0
3540392662 3561413701 0
3540392662 3564965209 0
3540392662 3564965209 0
3540392662 3569934827 0
3540392662 3569934827 0
3540392662 3569934827 0
3540392662 3569934827 0
3569934829 3575123572 0
3569934829 3575213587 0
3569934829 3600527150 0
3569934829 3600527150 0
3569934829 3600527150 0
3569934829 3600527150 0
3600527152 3609409007 0
3600527152 3623094300 0
3600527152 3623094300 0
3600527152 3623094300 0
3600527152 3629876533 0
3600527152 3629876533 0
3600527152 3652181864 0
3600527152 3652181864 0
3600527152 3652181864 0
3600527152 3652181864 0
3600527152 3652181864 0
3652181866 3653081107 0
3652181866 3653104884 0
3652181866 3680835942 0
3652181866 3680835942 0
3652181866 3680835942 0
3652181866 3680835942 0
3652181866 3680835942 0
3652181866 3680835942 0
3652181866 3680835942 0
3680835944 3709667892 0
3680835944 3709667892 0
3680835944 3709667892 0
3680835944 3709667892 0
3680835944 3709667892 0
3680835944 3709667892 0
3680835944 3709667892 0
3680835944 3710060580 0
3680835944 3710261877 0
3710261879 3738818624 0
3710261879 3739070428 0
3710261879 3753436804 0
3710261879 3770337993 0
3710261879 3770337993 0
3710261879 3770933677 0
3710261879 3770933677 0
3710261879 3770933677 0
3710261879 3770933677 0
3710261879 3770933677 0
3710261879 3778510326 0
3710261879 3778510326 0
3710261879 3778510326 0
3778510328 3794259788 0
3778510328 3800845341 0
3778510328 3800845341 0
3778510328 3803801069 0
3778510328 3803801069 0
3803801071 3817168598 0
3803801071 3817168598 0
3803801071 3819957572 0
3803801071 3819957572 0
3803801071 3819957572 0
3803801071 3819957572 0
3803801071 3833336581 0
3803801071 3833336581 0
3803801071 3833336581 0
3803801071 3833336581 0
3803801071 3833336581 0
3803801071 3833336581 0
3803801071 3833336581 0
3833336583 3842601761 0
3833336583 3867989792 0
3833336583 3867989792 0
3833336583 3882113243 0
3833336583 3888980905 0
3833336583 3888980905 0
3833336583 3888980905 0
3833336583 3888980905 0
3833336583 3888980905 0
3833336583 3888980905 0
3833336583 3888980905 0
3888980907 3889308041 0
3888980907 3889312068 0
3888980907 3891497364 0
3888980907 3896657673 0
3888980907 3896657673 0
3888980907 3898838343 0
3888980907 3903409791 0
3888980907 3909653487 0
3888980907 3909653487 0
3888980907 3909653487 0
3888980907 3909653487 0
3888980907 3909653487 0
3888980907 3909653487 0
3888980907 3910219913 0
3910219915 3918863153 0
3910219915 3925664598 0
3910219915 3925664598 0
3910219915 3925664598 0
3910219915 3926057375 0
3910219915 3937848140 0
3910219915 3937848140 0
3910219915 3938277752 0
3910219915 3938787313 0
3910219915 3940016788 0
3940016790 3941936080 0
3940016790 3996282520 0
3940016790 3996282520 0
3940016790 3996282520 0
3940016790 3996282520 0
3940016790 3996282520 0
3996282522 4010140708 0
3996282522 4014887284 0
3996282522 4014887284 0
3996282522 4014887284 0
3996282522 4014887284 0
3996282522 4014887284 0
3996282522 4018470464 0
4018470466 4036608102 0
4018470466 4036608102 0
4018470466 4036608102 0
4018470466 4040018381 0
4018470466 4040018381 0
4018470466 4040018381 0
4018470466 4043150606 0
4018470466 4043150606 0
4043150608 4096451267 0
4043150608 4103653807 0
4043150608 4103653807 0
4043150608 4103653807 0
4043150608 4103653807 0
4043150608 4103653807 0
4043150608 4105743850 0
4043150608 4105743850 0
4043150608 4105743850 0
4105743852 4113419273 0
4105743852 4115320079 0
4105743852 4115320079 0
4105743852 4115320079 0
4105743852 4116611691 0
4105743852 4116611691 0
4105743852 4116611691 0
4105743852 4116611691 0
4105743852 4118830217 0
4105743852 4118830217 0
4105743852 4118830217 0
4105743852 4118830217 0
4118830219 4151607552 0
4118830219 4151607552 0
4118830219 4154260806 0
4118830219 4154796647 0
4118830219 4162791978 0
4118830219 4162791978 0
4118830219 4165315032 0
4165315034 4173427102 0
4165315034 4219640840 0
4165315034 4219640840 0
4165315034 4219640840 0
4165315034 4219640840 0
4165315034 4219640840 0
4165315034 4219640840 0
4219640842 4234037045 0
4219640842 4234037045 0
4219640842 4236958325 0
4219640842 4242760473 0
4219640842 4242760473 0
4219640842 4242760473 0
4219640842 4242760473 0
4219640842 4242760473 0
4219640842 4249953308 0
4249953310 4250510076 0
4249953310 4250870059 0
4249953310 4250870059 0
4249953310 4262722661 0
4249953310 4262722661 0
4249953310 4262722661 0
4249953310 4262722661 0
4249953310 4262722661 0
4249953310 4262722661 0
4262722663 4294967295 0
4262722663 4294967295 0
4262722663 4294967295 0
4262722663 4294967295 0
Part 2 is  117
